0	0.000054	0	2.695407409
0.03	0.000054	1	8.001500457
0.07	0.000054	2	8.848718153
0.1	0.000054	3	9.256637784
0.13	0.000054	4	9.695935848
0.17	0.000161	5	9.946963314
0.2	0.000295	6	10.29212608
0.23	0.000215	7	10.79418101
0.27	0.000134	8	11.35899281
0.3	0.000268	9	12.2062105
0.33	0.000349	10	13.2416988
0.37	0.000322	11	14.30856552
0.4	0.000188	12	15.34405382
0.43	0.000242	13	16.34816368
0.47	0.000295	14	17.19538137
0.5	0.000215	15	18.04259907
0.53	0.000242	16	18.85843833
0.57	0.000322	17	19.79979133
0.6	0.000403	18	20.55287372
0.63	0.000295	19	21.30595612
0.67	0.000268	20	21.99628165
0.7	0.000349	21	22.65522875
0.73	0.00043	22	23.34555428
0.77	0.000376	23	24.00450137
0.8	0.000268	24	24.6948269
0.83	0.000376	25	25.353774
0.87	0.000456	26	26.10685639
0.9	0.00043	27	26.79718192
0.93	0.000322	28	27.55026432
0.97	0.000349	29	28.05231925
1	0.000456	30	28.71126635
1.03	0.000349	31	29.65261934
1.07	0.000322	32	30.59397234
1.1	0.00043	33	31.6922175
1.13	0.000403	34	32.63357049
1.17	0.000349	35	33.57492349
1.2	0.000537	36	34.83006081
1.23	0.000403	37	36.08519814
1.27	0.000403	38	37.02655114
1.3	0.000403	39	38.28168846
1.33	0.000564	40	39.53682579
1.37	0.000483	41	41.10574745
1.4	0.000403	42	42.98845344
1.43	0.000564	43	44.87115943
1.47	0.00051	44	47.06764975
1.5	0.00043	45	49.26414007
1.53	0.00051	46	51.14684606
1.57	0.000564	47	53.34333638
1.6	0.000456	48	55.5398267
1.63	0.000537	49	58.05010136
1.67	0.000752	50	60.56037601
1.7	0.000591	51	63.07065066
1.73	0.000537	52	65.58092532
1.77	0.000644	53	68.71876863
1.8	0.000698	54	71.54282762
1.83	0.000591	55	74.68067094
1.87	0.000644	56	77.81851425
1.9	0.000779	57	81.2701419
1.93	0.000698	58	84.72176955
1.97	0.000671	59	88.1733972
2	0.000832	60	91.93880918
2.03	0.000805	61	96.01800549
2.07	0.000725	62	100.0972018
2.1	0.000832	63	104.1763981
2.13	0.000886	64	108.2555944
2.17	0.000886	65	112.6485751
2.2	0.000752	66	117.0415557
2.23	0.00094	67	121.4345364
2.27	0.00102	68	126.1413013
2.3	0.000886	69	130.8480663
2.33	0.000886	70	135.8686156
2.37	0.001047	71	140.5753806
2.4	0.001128	72	145.9097142
2.43	0.001101	73	150.9302635
2.47	0.000993	74	156.2645972
2.5	0.001154	75	161.2851465
2.53	0.001262	76	167.8746174
2.57	0.001154	77	173.8365197
2.6	0.001262	78	180.4259907
2.63	0.001396	79	186.7016773
2.67	0.001369	80	193.2911483
2.7	0.001342	81	199.8806193
2.73	0.00153	82	206.4700902
2.77	0.001584	83	213.3733455
2.8	0.001476	84	220.2766008
2.83	0.001664	85	227.1798561
2.87	0.001772	86	234.0831114
2.9	0.001772	87	240.9863667
2.93	0.001879	88	248.2034063
2.97	0.002013	89	255.1066616
3	0.00204	90	262.3237013
3.03	0.002067	91	269.5407409
3.07	0.002309	92	276.7577805
3.1	0.002416	93	283.9748202
3.13	0.002443	94	291.1918598
3.17	0.002631	95	298.4088994
3.2	0.002926	96	305.3121547
3.23	0.003007	97	312.21541
3.27	0.003195	98	320.0600183
3.3	0.003544	99	326.3357049
3.33	0.003731	100	332.6113916
3.37	0.003919	101	338.8870782
3.4	0.004403	102	342.0249215
3.43	0.004778	103	348.3006081
3.47	0.005101	104	354.5762948
3.5	0.005584	105	357.7141381
3.53	0.006174	106	360.8519814
3.57	0.006631	107	367.127668
3.6	0.00706	108	370.2655114
3.63	0.007651	109	376.541198
3.67	0.008161	110	379.6790413
3.7	0.008671	111	382.8168846
3.73	0.009074	112	389.0925713
3.77	0.009772	113	392.2304146
3.8	0.01028	114	395.3682579
3.83	0.01066	115	401.6439445
3.87	0.01111	116	404.7817878
3.9	0.01173	117	407.9196312
3.93	0.01219	118	414.1953178
3.97	0.01262	119	417.3331611
4	0.01305	120	420.4710044
4.03	0.01358	121	426.7466911
4.07	0.0142	122	429.8845344
4.1	0.0146	123	433.0223777
4.13	0.01506	124	439.2980643
4.17	0.01568	125	442.4359076
4.2	0.01621	126	445.573751
4.23	0.0167	127	451.8494376
4.27	0.0171	128	454.9872809
4.3	0.01777	129	458.1251242
4.33	0.01823	130	461.2629675
4.37	0.01871	131	467.5386542
4.4	0.01914	132	470.6764975
4.43	0.01978	133	473.8143408
4.47	0.02043	134	476.9521841
4.5	0.02089	135	480.0900274
4.53	0.02137	136	486.3657141
4.57	0.02196	137	489.5035574
4.6	0.0226	138	492.6414007
4.63	0.02314	139	495.779244
4.67	0.02357	140	498.9170873
4.7	0.02416	141	502.0549307
4.73	0.02483	142	505.192774
4.77	0.02542	143	508.3306173
4.8	0.02593	144	514.6063039
4.83	0.02652	145	517.7441472
4.87	0.02722	146	520.8819906
4.9	0.02773	147	524.0198339
4.93	0.02829	148	527.1576772
4.97	0.02891	149	530.2955205
5	0.02964	150	533.4333638
5.03	0.03015	151	536.5712071
5.07	0.03071	152	539.7090505
5.1	0.03138	153	539.7090505
5.13	0.03213	154	542.8468938
5.17	0.03262	155	545.9847371
5.2	0.03329	156	549.1225804
5.23	0.03396	157	552.2604237
5.27	0.03463	158	555.398267
5.3	0.03525	159	558.5361104
5.33	0.03592	160	561.6739537
5.37	0.0367	161	561.6739537
5.4	0.03726	162	564.811797
5.43	0.03791	163	567.9496403
5.47	0.03868	164	571.0874836
5.5	0.03936	165	574.2253269
5.53	0.03997	166	574.2253269
5.57	0.0407	167	577.3631703
5.6	0.04148	168	580.5010136
5.63	0.04215	169	583.6388569
5.67	0.04282	170	583.6388569
5.7	0.0436	171	586.7767002
5.73	0.04443	172	589.9145435
5.77	0.0451	173	589.9145435
5.8	0.04574	174	593.0523868
5.83	0.04658	175	596.1902302
5.87	0.04736	176	596.1902302
5.9	0.04808	177	599.3280735
5.93	0.04872	178	599.3280735
5.97	0.0495	179	602.4659168
6	0.05039	180	605.6037601
6.03	0.05117	181	605.6037601
6.07	0.05187	182	608.7416034
6.1	0.05262	183	608.7416034
6.13	0.05353	184	611.8794467
6.17	0.05433	185	611.8794467
6.2	0.05503	186	615.0172901
6.23	0.05578	187	615.0172901
6.27	0.05664	188	618.1551334
6.3	0.05756	189	618.1551334
6.33	0.05836	190	621.2929767
6.37	0.05903	191	621.2929767
6.4	0.05997	192	624.43082
6.43	0.06091	193	624.43082
6.47	0.06164	194	624.43082
6.5	0.06239	195	627.5686633
6.53	0.06335	196	627.5686633
6.57	0.06424	197	630.7065066
6.6	0.06499	198	630.7065066
6.63	0.0658	199	630.7065066
6.67	0.06671	200	633.84435
6.7	0.06762	201	633.84435
6.73	0.0684	202	633.84435
6.77	0.06931	203	636.9821933
6.8	0.07028	204	636.9821933
6.83	0.07106	205	636.9821933
6.87	0.07184	206	640.1200366
6.9	0.07283	207	640.1200366
6.93	0.07382	208	640.1200366
6.97	0.07452	209	643.2578799
7	0.07544	210	643.2578799
7.03	0.07648	211	643.2578799
7.07	0.07731	212	643.2578799
7.1	0.07812	213	646.3957232
7.13	0.07919	214	646.3957232
7.17	0.08011	215	646.3957232
7.2	0.08091	216	646.3957232
7.23	0.0819	217	649.5335665
7.27	0.08293	218	649.5335665
7.3	0.08373	219	649.5335665
7.33	0.0847	220	649.5335665
7.37	0.08572	221	652.6714099
7.4	0.08655	222	652.6714099
7.43	0.08746	223	652.6714099
7.47	0.08856	224	652.6714099
7.5	0.0895	225	655.8092532
7.53	0.09031	226	655.8092532
7.57	0.09135	227	655.8092532
7.6	0.09237	228	655.8092532
7.63	0.09321	229	655.8092532
7.67	0.09425	230	655.8092532
7.7	0.09535	231	658.9470965
7.73	0.09621	232	658.9470965
7.77	0.09718	233	658.9470965
7.8	0.09815	234	658.9470965
7.83	0.09927	235	658.9470965
7.87	0.1002	236	658.9470965
7.9	0.101	237	658.9470965
7.93	0.1022	238	662.0849398
7.97	0.1033	239	662.0849398
8	0.1041	240	662.0849398
8.03	0.1051	241	662.0849398
8.07	0.1062	242	662.0849398
8.1	0.1072	243	662.0849398
8.13	0.1081	244	662.0849398
8.17	0.1091	245	662.0849398
8.2	0.1103	246	665.2227831
8.23	0.1112	247	665.2227831
8.27	0.1122	248	665.2227831
8.3	0.1133	249	665.2227831
8.33	0.1145	250	665.2227831
8.37	0.1153	251	665.2227831
8.4	0.1163	252	665.2227831
8.43	0.1175	253	665.2227831
8.47	0.1185	254	665.2227831
8.5	0.1195	255	665.2227831
8.53	0.1206	256	665.2227831
8.57	0.1217	257	668.3606264
8.6	0.1227	258	668.3606264
8.63	0.1238	259	668.3606264
8.67	0.1249	260	668.3606264
8.7	0.1259	261	668.3606264
8.73	0.127	262	668.3606264
8.77	0.1281	263	668.3606264
8.8	0.1291	264	668.3606264
8.83	0.1303	265	668.3606264
8.87	0.1314	266	668.3606264
8.9	0.1323	267	668.3606264
8.93	0.1335	268	668.3606264
8.97	0.1347	269	668.3606264
9	0.1357	270	668.3606264
9.03	0.1369	271	668.3606264
9.07	0.138	272	668.3606264
9.1	0.1391	273	668.3606264
9.13	0.1401	274	668.3606264
9.17	0.1414	275	668.3606264
9.2	0.1424	276	668.3606264
9.23	0.1435	277	668.3606264
9.27	0.1446	278	668.3606264
9.3	0.1459	279	668.3606264
9.33	0.1468	280	668.3606264
9.37	0.148	281	668.3606264
9.4	0.1492	282	668.3606264
9.43	0.1502	283	668.3606264
9.47	0.1514	284	668.3606264
9.5	0.1526	285	668.3606264
9.53	0.1537	286	668.3606264
9.57	0.1549	287	668.3606264
9.6	0.1561	288	668.3606264
9.63	0.1572	289	668.3606264
9.67	0.1583	290	668.3606264
9.7	0.1597	291	668.3606264
9.73	0.1607	292	668.3606264
9.77	0.1619	293	668.3606264
9.8	0.1631	294	668.3606264
9.83	0.1644	295	668.3606264
9.87	0.1655	296	668.3606264
9.9	0.1667	297	668.3606264
9.93	0.1679	298	668.3606264
9.97	0.1692	299	668.3606264
10	0.1703	300	668.3606264
10.03	0.1716	301	668.3606264
10.07	0.1729	302	668.3606264
10.1	0.174	303	668.3606264
10.13	0.1752	304	668.3606264
10.17	0.1766	305	668.3606264
10.2	0.1777	306	668.3606264
10.23	0.1788	307	668.3606264
10.27	0.1803	308	665.2227831
10.3	0.1815	309	665.2227831
10.33	0.1827	310	665.2227831
10.37	0.184	311	665.2227831
10.4	0.1853	312	665.2227831
10.43	0.1865	313	665.2227831
10.47	0.1878	314	665.2227831
10.5	0.189	315	665.2227831
10.53	0.1905	316	665.2227831
10.57	0.1917	317	662.0849398
10.6	0.193	318	662.0849398
10.63	0.1942	319	662.0849398
10.67	0.1957	320	662.0849398
10.7	0.1969	321	662.0849398
10.73	0.1981	322	662.0849398
10.77	0.1995	323	662.0849398
10.8	0.2008	324	658.9470965
10.83	0.2021	325	658.9470965
10.87	0.2032	326	658.9470965
10.9	0.2047	327	658.9470965
10.93	0.206	328	655.8092532
10.97	0.2074	329	655.8092532
11	0.2086	330	655.8092532
11.03	0.2101	331	655.8092532
11.07	0.2114	332	652.6714099
11.1	0.2125	333	652.6714099
11.13	0.214	334	652.6714099
11.17	0.2153	335	649.5335665
11.2	0.2166	336	649.5335665
11.23	0.2178	337	649.5335665
11.27	0.2193	338	646.3957232
11.3	0.2207	339	646.3957232
11.33	0.2219	340	643.2578799
11.37	0.2232	341	643.2578799
11.4	0.2246	342	643.2578799
11.43	0.2259	343	640.1200366
11.47	0.2272	344	640.1200366
11.5	0.2286	345	636.9821933
11.53	0.2301	346	636.9821933
11.57	0.2313	347	633.84435
11.6	0.2326	348	633.84435
11.63	0.2341	349	630.7065066
11.67	0.2354	350	630.7065066
11.7	0.2366	351	627.5686633
11.73	0.238	352	627.5686633
11.77	0.2395	353	624.43082
11.8	0.2408	354	621.2929767
11.83	0.2421	355	621.2929767
11.87	0.2435	356	618.1551334
11.9	0.245	357	615.0172901
11.93	0.2463	358	615.0172901
11.97	0.2475	359	611.8794467
12	0.249	360	608.7416034
12.03	0.2506	361	605.6037601
12.07	0.2518	362	605.6037601
12.1	0.2532	363	602.4659168
12.13	0.2546	364	599.3280735
12.17	0.256	365	596.1902302
12.2	0.2573	366	593.0523868
12.23	0.2588	367	593.0523868
12.27	0.2603	368	589.9145435
12.3	0.2616	369	586.7767002
12.33	0.2628	370	583.6388569
12.37	0.2644	371	577.3631703
