    1.1113
    1.5804
    2.3444
    1.4725
    2.0502
    2.8906
    1.9085
    2.5886
    2.2704
    1.6914
    1.0953
    1.3759
    2.8432
    2.6329
    2.3445
    3.1277
    3.3707
    2.5304
    3.0416
    2.5036
    3.3425
    2.5973
    3.1825
    1.0923
    4.0463
    2.4562
    2.7770
    3.6256
    4.0781
    3.4944
    1.7791
    2.3514
    2.3149
    1.2895
    2.6708
    1.7661
    2.0656
    4.5086
    3.5170
    1.6336
    3.3936
    2.4570
    3.2590
    1.1042
    4.1572
    2.3458
    1.7575
    2.8088
    3.4689
    3.6947
    2.2288
    3.7114
    1.7877
    3.9832
    2.9230
    3.0033
    4.7609
    2.1709
    2.6440
    3.6115
    1.8133
    2.1070
    3.6130
    2.9438
    1.6164
    3.8841
    2.6122
    2.3990
    2.1713
    1.5420
    3.1700
    2.4807
    1.7108
    2.7205
    3.3209
    1.9032
    5.1321
    3.6215
    3.1143
    3.6626
    2.3950
    2.9642
    3.8969
    2.8632
    3.2222
    2.7538
    2.8573
    0.6425
    5.3626
    2.3658
    3.7850
    4.4884
    2.0989
    2.0145
    3.1266
    4.0371
    3.9340
    3.0837
    1.7530
    1.7365
    3.2316
    4.3581
    3.7209
    3.7293
    3.5677
    2.7403
    2.6339
    2.1289
    3.9649
    0.5178
    5.1925
    2.9629
    3.1672
    2.9840
    2.0967
    3.0616
    3.8342
    3.7044
    1.6610
    5.1141
    2.2629
    2.9587
    2.1402
    3.9207
    1.9568
    3.2769
    2.3533
    1.2135
    1.1072
    3.4791
    2.3300
    2.2758
    2.5928
    1.8616
    4.1887
    3.3316
    3.2070
    1.9908
    3.8200
    3.2299
    0.9266
    1.7275
    3.9237
    2.0533
    2.4133
    2.2543
    1.1888
    3.2039
    1.7947
    3.2195
    0.8881
    3.3538
    1.8474
    2.5955
    3.7281
    4.2186
    0.7950
    0.9599
    3.3711
    3.2201
    3.5946
    3.0872
    2.3858
    1.8740
    3.6317
    2.9143
    1.6321
    5.7042
    3.7484
    1.8973
    3.3902
    3.2650
    3.9368
    1.3418
    4.1246
    0.9656
    3.1478
    2.5642
    1.4126
    2.8573
    2.2595
    3.8305
    4.6351
    2.6120
    2.1265
    1.5752
    3.4014
    2.9391
    3.0902
    3.3434
    3.3952
    2.4706
    2.2977
    3.6685
    4.3802
    2.3481
    2.2363
    2.2053
    1.5337
    4.0050
    3.9177
    2.2580
    4.6333
    1.0503
    1.9066
    4.2859
    2.6549
    1.4661
    1.8188
    3.4483
    3.9515
    2.5713
    2.2424
    1.9263
    2.5666
    2.7285
    2.8286
    4.8274
    1.1918
    3.5750
    3.4769
    4.9927
    0.9763
    3.6728
    3.1172
    1.9221
    2.7039
    0.4495
    1.8720
    3.0173
    2.5758
    3.8394
    1.7782
    4.4822
    2.5334
    4.6614
    2.7495
    2.6301
    2.4569
    1.9985
    3.2697
    2.0829
    1.4920
    2.7752
    3.7935
    1.1982
    2.9531
    3.0101
    2.0075
    1.9927
    2.4580
    2.9984
    2.1978
    4.3462
    2.2298
    2.7384
    1.6549
    1.9240
    3.1211
    2.4247
    2.1882
    3.6974
    2.1602
    4.1208
    3.9978
    2.7760
    3.1599
    3.6997
    2.8230
    1.6697
    2.2605
    1.9571
    2.3298
    4.4237
    3.5416
    2.3783
    3.0216
    1.9227
    3.2502
    1.7333
    3.8405
    2.1854
    2.8459
    3.2074
    2.1394
    2.6754
    1.0226
    1.5841
    2.6958
    3.0926
    1.2170
    2.5915
    1.0860
    3.1336
    2.4169
    3.5153
    2.8740
    1.5826
    3.1582
    4.7479
    2.6780
    0.6952
    1.1823
    1.4551
    2.7895
    1.2552
    1.8561
    1.6757
    2.8166
    3.5957
    3.7072
    4.8832
    1.3060
    1.6702
    3.0139
    3.1212
    2.5359
    1.0756
    2.3740
    2.8870
    2.2366
    2.2942
    1.7495
    1.9341
    1.7294
    3.5893
    2.8901
    1.2567
    1.9567
    3.3137
    1.7543
    3.3763
    2.3505
    3.0240
    1.3616
    2.0709
    3.0833
    3.7806
    1.9668
    2.0050
    1.5653
    2.4292
    1.8855
    1.1667
    3.5470
    3.3507
    2.1681
    2.4480
    3.4913
    3.7619
    2.5395
    3.6199
    4.3438
    2.3098
    2.3514
    1.9150
    3.5059
    3.0033
    3.1723
    4.5466
    2.4762
    1.8730
    2.0988
    1.9550
    1.5356
    3.7257
    2.5672
    1.7735
    2.3180
    3.8217
    3.8779
    2.9225
    3.0969
    2.6668
    1.2748
    4.7165
    2.3835
    1.7120
    1.9095
    3.7357
    1.9184
    1.4268
    2.2341
    1.8565
    2.7408
    4.5573
    2.6611
    4.7090
    1.5028
    4.8341
    1.0119
    3.4878
    1.6619
    1.7376
    2.0599
    3.8301
    1.6860
    3.2161
    4.2470
    2.0569
    3.1619
    4.0359
    2.6426
    1.9688
    1.7018
    2.0312
    1.5758
    3.3774
    2.2363
    3.9229
    3.9526
    1.8708
    1.7606
    1.3412
    2.4705
    3.0298
    2.3246
    1.6292
    2.4422
    4.3573
    1.8527
    1.1947
    3.3926
    1.4216
    3.7175
    3.0828
    2.2356
    1.6491
    2.2218
    3.9452
    1.4758
    2.3257
    4.0161
    1.7030
    4.2348
    3.2195
    3.9495
    3.9203
    2.7042
    3.8542
    3.9411
    3.3317
    1.8643
    1.4814
    4.7670
    3.9985
    3.2979
    3.6741
    2.2680
    2.7307
    2.2229
    2.0088
    1.4595
    4.1762
    2.5319
    4.7743
    0.8885
    2.6318
    3.8167
    2.8815
    2.8302
    2.5875
    4.9374
    0.8047
    3.2441
    2.6749
    1.8350
    1.2917
    2.8060
    4.0002
    1.5241
    2.8195
    1.6038
    1.1473
    1.5945
    2.9260
    1.3328
    1.9608
    2.7982
    0.3890
    1.9158
    3.5533
    3.1488
    2.6381
    3.5379
    2.6196
    4.0929
    2.4466
    2.5851
    1.3426
    2.6797
    1.8216
    2.3492
    0.7273
    4.1045
    3.8595
    3.4733
    3.8703
    1.9940
    2.4476
    1.7958
    2.5296
    2.8949
    2.6632
    4.0922
    2.8834
    1.8394
    2.0462
    1.9157
    3.4893
    3.1946
    2.6835
    0.4891
    2.8453
    3.8077
    3.1555
    0.8965
    1.7332
    2.8430
    4.2022
    2.9047
    2.4650
    3.2998
    3.5794
    2.3155
    1.1878
    2.2749
    3.8025
    1.5000
    3.2977
    2.7959
    1.7323
    3.3377
    2.0511
    1.9618
    1.1241
    3.3866
    2.1652
    3.2028
    1.3961
    2.8820
    3.0862
    4.1363
    1.9198
    3.7195
    2.9020
    2.1523
    3.9022
    3.5361
    1.7553
    2.8100
    2.7121
    1.0576
    1.4520
    0.1586
    1.7811
    2.2027
    1.0008
    2.8307
    2.6252
    3.0451
    3.0106
    1.6149
    2.1070
    2.9640
    2.4541
    4.7965
    3.9619
    4.5726
    1.7050
    4.2461
    4.0023
    1.6947
    2.0403
    4.6051
    3.7983
    2.8411
    2.0345
    3.1952
    1.6143
    0.7829
    2.9380
    2.5291
    3.7239
    3.1764
    3.2310
    3.7083
    3.2059
    2.2414
    2.5948
    3.6007
    4.0127
    3.3534
    1.7163
    1.5352
    3.1918
    4.4207
    2.6906
    1.8675
    3.5826
    2.3869
    2.0949
    2.9964
    1.3649
    1.5944
    2.1768
    2.3704
    3.5479
    2.5406
    2.0291
    3.6666
    2.1398
    3.0661
    2.3018
    4.1206
    0.7213
    2.2591
    2.0010
    2.0783
    4.0025
    2.6278
    4.3994
    2.9139
    2.0832
    2.3200
    1.9747
    3.7856
    2.4007
    1.0959
    1.2470
    2.5401
    1.7419
    4.1534
    1.7596
    2.9668
    1.7221
    2.3883
    3.6184
    1.4637
    3.0352
    3.2008
    0.7584
    3.1021
    3.2684
    1.8089
    2.6051
    3.4122
    3.4156
    2.0227
    1.2383
    2.9303
    1.6777
    1.6256
    3.5623
    3.8340
    3.5417
    3.4184
    1.8246
    2.9840
    1.6727
    4.3538
    2.1037
    2.1618
    2.9736
    3.0102
    1.8808
    2.2005
    2.1681
    2.9559
    3.9516
    3.0757
    1.7612
    2.0137
    3.8365
    1.8142
    3.4248
    2.3465
    0.9100
    2.6284
    3.5964
    2.1283
    1.8207
    1.7662
    3.3826
    2.3791
    3.6322
    1.6757
    2.5245
    3.0811
    2.8292
    2.7738
    1.5673
    1.9216
    3.5912
    1.1563
    2.0558
    3.2105
    3.2196
    2.2515
    3.0166
    2.0829
    1.6570
    2.0696
    3.2119
    3.1079
    1.1282
    3.9089
    3.8612
    2.2842
    3.6109
    2.4624
    0.8040
    2.2892
    1.3498
    2.4902
    3.2062
    1.1010
    3.6144
    1.9337
    1.5296
    3.6941
    3.3287
    1.5403
    2.4730
    2.6621
    1.1186
    4.4034
    1.9365
    4.3960
    3.1348
    2.2892
    3.7629
    1.9981
    3.3530
    3.4656
    1.8327
    2.3054
    4.3780
    0.6783
    5.3747
    2.6983
    3.2905
    3.8843
    2.9071
    2.0194
    2.9140
    2.1308
    3.9762
    2.0340
    3.4642
    3.0028
    3.4668
    1.4731
    1.5828
    2.8977
    2.4134
    0.6992
    2.1870
    2.4762
    1.7545
    4.0469
    2.1899
    3.3448
    3.4038
    0.8105
    3.6365
    3.0822
    4.2870
    1.8642
    3.4329
    3.8600
    4.0014
    1.6634
    3.8091
    1.6955
    2.0750
    2.7338
    1.1969
    1.7647
    1.4125
    2.7908
    1.1879
    3.5048
    3.1118
    3.3787
    3.7428
    2.6785
    2.4475
    2.5365
    1.9170
    2.3511
    3.7393
    3.0886
    2.0591
    1.7001
    3.9896
    4.0362
    2.5855
    4.2966
    3.8546
    1.6900
    2.9960
    2.4714
    2.0139
    2.1284
    4.0482
    2.3242
    3.4509
    1.6658
    1.1565
    3.6581
    3.5595
    2.3414
    1.4819
    3.1123
    2.2636
    2.4016
    1.6223
    4.6622
    3.1026
    0.8487
    3.2208
    3.0080
    2.8781
    2.5082
    1.8036
    2.1006
    2.8390
    4.0170
    3.0084
    2.6017
    2.5028
    1.6641
    1.4524
    2.9769
    4.5620
    2.7764
    1.4437
    1.7055
    1.9211
    3.3560
    3.9977
    2.3530
    3.2444
    3.4544
    3.1554
    3.4933
    2.7980
    4.3158
    4.2411
    2.1010
    0.5343
    1.5889
    3.4401
    2.3597
    3.0082
    4.0854
    2.9263
    2.2016
    2.8547
    1.3739
    3.2673
    2.4654
    2.3561
    2.9931
    3.8830
    2.5988
    3.4615
    5.5023
    2.5975
    2.2116
    1.5121
    3.0000
    1.9043
    1.9536
    2.3724
    3.5941
    2.2877
    3.6578
    3.4084
    3.2951
    2.7763
    4.0910
    2.4396
    0.7390
    3.0228
    2.0930
    1.5210
    3.8416
    3.6826
    0.4678
    2.8701
    3.3834
    1.6586
    2.6749
    2.0511
    1.4080
    4.9842
    2.9912
    1.1202
    1.9251
    3.1723
    2.1242
    1.4510
    3.0403
    1.4488
    3.6230
    2.0372
    1.1711
    1.8290
    2.0201
    1.1329
    2.2755
    1.6092
    1.4284
    3.5029
    3.2146
    2.6175
    2.9130
    2.9526
    1.4036
    3.0317
    0.6073
    1.8074
    4.1028
    1.9842
    2.6661
    3.1972
    2.8845
    4.7566
    3.0191
    2.7289
    2.5740
    3.5202
    1.9207
    2.0226
    1.3052
    1.9128
    3.8540
    2.4870
    2.0345
    2.9898
    1.0661
    2.0981
    1.4737
    1.4181
    4.3120
    1.9151
    3.4170
    1.9229
    1.8677
    4.1441
    2.2834
    2.7520
    3.7524
    3.5763
    2.8784
    5.4864
    1.3444
    1.4105
    0.4778
    1.7625
    2.8736
    3.1399
    3.3366
    2.7249
    3.5698
    1.6868
    0.3295
    2.4843
    3.8517
    2.8690
    1.2219
    3.0410
    2.4288
    2.7799
    3.0164
    4.0566
    3.8177
    3.6375
    2.6069
    0.6911
    3.4130
    2.0388
    2.7816
    4.4989
    3.3944
    0.6977
    2.9887
    4.2916
    1.8264
    4.0645
    3.9549
    3.5664
    0.6781
    2.3566
    0.5022
    2.5693
    1.8668
    3.7246