101.5323
102.6114
 98.5144
102.5376
 99.6549
103.2026
102.9082
103.5021
102.3490
104.0031
 98.9170
103.1442
103.9829
102.0530
100.8094
102.4637
100.1330
101.1803
102.4206
 99.2446
101.1265
104.5352
103.0829
101.3206
104.7705
103.6760
 99.4326
101.0811
103.0467
104.5012
103.3905
103.3171
102.4609
100.2123
102.0465
104.3919
104.3028
104.7788
 99.9478
102.4054
100.5217
 99.2822
100.0083
103.0967
104.3340
 99.4872
102.7668
104.0406
103.9086
103.6373
102.8321
103.1561
104.9740
102.8182
104.6667
102.7701
100.3976
104.4545
101.3030
103.6512
101.2811
104.8338
100.0149
101.5113
103.6051
104.5143
100.6274
104.7486
103.0690
101.9572
102.6948
104.4613
102.1133
 99.6126
104.3923
102.2068
100.0458
 99.1730
101.1648
102.7247
104.5956
100.5764
101.6134
104.6165
101.5386
102.2764
 99.8757
102.9348
104.2985
 99.1000
104.3817
100.0774
103.3923
103.1890
104.2288
104.7568
 99.7750
103.7144
104.7967
101.8893